list(ID=c(1.98700E+04, 2.33460E+04, 2.19700E+04, 1.10300E+04, 2.19680E+04, 2.33480E+04, 2.07140E+04, 2.33190E+04, 1.80720E+04, 2.19740E+04, 1.06200E+04, 2.33430E+04, 1.81250E+04, 2.20730E+04, 2.12780E+04, 2.03130E+04, 1.31730E+04, 1.78900E+04, 2.33190E+04, 2.05260E+04, 2.05300E+04, 2.12800E+04, 1.31660E+04, 2.20060E+04, 2.03060E+04, 2.03170E+04, 1.97260E+04, 2.03140E+04, 1.05300E+04, 1.09850E+04, 1.32440E+04, 2.20780E+04, 2.33450E+04, 1.98650E+04, 1.79760E+04, 1.12780E+04, 1.99330E+04, 1.31790E+04, 2.33420E+04, 2.28200E+04, 1.12730E+04, 2.33020E+04, 2.07100E+04, 1.31920E+04, 2.33280E+04, 2.07200E+04, 2.20770E+04, 2.33200E+04, 1.31850E+04, 2.33550E+04, 2.19750E+04, 2.33070E+04, 1.13380E+04, 2.33000E+04, 1.97150E+04, 1.79710E+04, 2.33540E+04, 2.19960E+04, 1.79630E+04, 2.33070E+04, 2.07040E+04, 2.33220E+04, 2.33310E+04, 1.99800E+04, 2.03110E+04, 2.33450E+04, 1.80820E+04, 1.12790E+04, 1.32060E+04, 1.79350E+04, 2.33000E+04, 2.03870E+04, 1.80770E+04, 1.99360E+04, 2.05200E+04, 2.20030E+04, 2.19660E+04, 1.32520E+04, 1.32120E+04, 2.03140E+04, 1.80930E+04, 2.07090E+04, 1.10150E+04, 2.33360E+04, 1.31700E+04, 1.81270E+04, 1.98350E+04, 1.13810E+04, 2.19970E+04, 2.33370E+04, 1.10260E+04, 1.80600E+04, 2.20800E+04, 1.97590E+04, 2.28140E+04, 2.03060E+04, 2.28190E+04, 1.99840E+04, 2.28130E+04, 2.19940E+04, 1.98800E+04, 2.33230E+04, 2.28130E+04, 2.19700E+04, 2.12790E+04, 1.12940E+04, 1.79340E+04, 1.80620E+04, 1.80890E+04, 2.03100E+04, 2.12560E+04, 2.12550E+04, 2.19950E+04, 1.32250E+04, 2.20700E+04, 1.32410E+04, 2.19960E+04, 2.05270E+04, 2.19970E+04, 1.99820E+04, 1.80150E+04, 1.05340E+04, 2.03160E+04, 2.33410E+04, 1.13250E+04, 2.20800E+04, 2.05260E+04, 1.80530E+04, 2.33190E+04, 1.80630E+04, 2.20010E+04, 2.19740E+04, 2.33120E+04, 1.13820E+04, 2.33100E+04, 1.79650E+04, 1.12880E+04, 2.28120E+04, 2.20080E+04, 2.07170E+04, 2.33200E+04, 1.80750E+04, 1.79670E+04, 1.12830E+04, 2.33290E+04, 2.07160E+04, 2.07050E+04, 1.32560E+04, 1.80000E+04, 2.28230E+04, 2.19940E+04, 2.20790E+04, 2.33440E+04, 1.78610E+04, 2.01650E+04, 2.01650E+04, 1.80180E+04, 1.32430E+04, 2.12820E+04, 2.12780E+04, 1.42530E+04, 1.79320E+04, 1.79290E+04, 2.33340E+04, 2.12760E+04, 1.80520E+04, 2.07170E+04, 2.20710E+04, 1.10290E+04, 2.20000E+04, 1.99330E+04, 1.97090E+04, 1.13110E+04, 2.33220E+04, 2.33490E+04, 2.33280E+04, 1.13860E+04, 1.79770E+04, 2.03000E+04, 1.32550E+04, 1.97390E+04, 2.33090E+04, 2.20780E+04, 2.03130E+04, 2.32970E+04, 2.28230E+04, 1.97490E+04, 2.19990E+04, 1.32000E+04, 1.12920E+04, 2.12550E+04, 1.97240E+04, 2.33080E+04, 2.20060E+04, 2.05220E+04, 1.13230E+04, 2.33510E+04, 2.33550E+04, 2.07090E+04, 1.80220E+04), age=c(2.00000E+00, 8.00000E+00, 3.00000E+00, 3.00000E+00, 6.00000E+00, 7.00000E+00, 5.00000E+00, 4.00000E+00, 6.00000E+00, 3.00000E+00, 5.00000E+00, 3.00000E+00, 6.00000E+00, 4.00000E+00, 8.00000E+00, 9.00000E+00, 4.00000E+00, 5.00000E+00, 5.00000E+00, 8.00000E+00, 5.00000E+00, 7.00000E+00, 4.00000E+00, 1.00000E+00, 4.00000E+00, 1.10000E+01, 2.00000E+00, 9.00000E+00, 5.00000E+00, 5.00000E+00, 1.00000E+00, 3.00000E+00, 6.00000E+00, 4.00000E+00, 1.00000E+00, 5.00000E+00, 8.00000E+00, 4.00000E+00, 5.00000E+00, 1.00000E+00, 4.00000E+00, 3.00000E+00, 6.00000E+00, 6.00000E+00, 5.00000E+00, 7.00000E+00, 2.00000E+00, 3.00000E+00, 4.00000E+00, 5.00000E+00, 2.00000E+00, 5.00000E+00, 7.00000E+00, 5.00000E+00, 2.00000E+00, 2.00000E+00, 7.00000E+00, 4.00000E+00, 5.00000E+00, 5.00000E+00, 1.10000E+01, 5.00000E+00, 6.00000E+00, 8.00000E+00, 9.00000E+00, 4.00000E+00, 8.00000E+00, 5.00000E+00, 4.00000E+00, 1.00000E+00, 5.00000E+00, 8.00000E+00, 5.00000E+00, 5.00000E+00, 5.00000E+00, 1.00000E+00, 4.00000E+00, 2.00000E+00, 4.00000E+00, 8.00000E+00, 6.00000E+00, 7.00000E+00, 4.00000E+00, 7.00000E+00, 4.00000E+00, 6.00000E+00, 3.00000E+00, 3.00000E+00, 3.00000E+00, 6.00000E+00, 5.00000E+00, 5.00000E+00, 3.00000E+00, 3.00000E+00, 1.00000E+00, 4.00000E+00, 1.00000E+00, 5.00000E+00, 1.00000E+00, 4.00000E+00, 7.00000E+00, 3.00000E+00, 1.00000E+00, 3.00000E+00, 5.00000E+00, 4.00000E+00, 1.00000E+00, 6.00000E+00, 3.00000E+00, 7.00000E+00, 4.00000E+00, 6.00000E+00, 6.00000E+00, 7.00000E+00, 3.00000E+00, 1.00000E+00, 4.00000E+00, 5.00000E+00, 3.00000E+00, 7.00000E+00, 5.00000E+00, 5.00000E+00, 6.00000E+00, 2.00000E+00, 5.00000E+00, 3.00000E+00, 8.00000E+00, 6.00000E+00, 4.00000E+00, 5.00000E+00, 1.00000E+00, 3.00000E+00, 5.00000E+00, 4.00000E+00, 4.00000E+00, 3.00000E+00, 6.00000E+00, 1.00000E+00, 1.00000E+00, 4.00000E+00, 3.00000E+00, 5.00000E+00, 3.00000E+00, 6.00000E+00, 6.00000E+00, 7.00000E+00, 7.00000E+00, 2.00000E+00, 1.00000E+01, 5.00000E+00, 4.00000E+00, 2.00000E+00, 4.00000E+00, 4.00000E+00, 5.00000E+00, 4.00000E+00, 6.00000E+00, 1.00000E+00, 9.00000E+00, 5.00000E+00, 5.00000E+00, 1.00000E+00, 1.00000E+00, 3.00000E+00, 6.00000E+00, 4.00000E+00, 4.00000E+00, 4.00000E+00, 3.00000E+00, 1.00000E+00, 7.00000E+00, 2.00000E+00, 5.00000E+00, 5.00000E+00, 7.00000E+00, 5.00000E+00, 4.00000E+00, 1.00000E+00, 5.00000E+00, 2.00000E+00, 3.00000E+00, 5.00000E+00, 3.00000E+00, 9.00000E+00, 6.00000E+00, 5.00000E+00, 2.00000E+00, 2.00000E+00, 5.00000E+00, 6.00000E+00, 6.00000E+00, 3.00000E+00, 6.00000E+00, 1.00000E+00, 5.00000E+00, 5.00000E+00, 5.00000E+00, 5.00000E+00, 7.00000E+00, 5.00000E+00), age.tot=c(2.00000E+00, 8.00000E+00, 3.00000E+00, 2.00000E+00, 6.00000E+00, 7.00000E+00, 5.00000E+00, 4.00000E+00, 6.00000E+00, 3.00000E+00, 5.00000E+00, 3.00000E+00, 5.00000E+00, 4.00000E+00, 9.00000E+00, 9.00000E+00, 4.00000E+00, 5.00000E+00, 5.00000E+00, 8.00000E+00, 5.00000E+00, 8.00000E+00, 4.00000E+00, 1.00000E+00, 4.00000E+00, 1.10000E+01, 2.00000E+00, 9.00000E+00, 5.00000E+00, 5.00000E+00, 1.00000E+00, 3.00000E+00, 6.00000E+00, 4.00000E+00, 1.00000E+00, 4.00000E+00, 7.00000E+00, 4.00000E+00, 5.00000E+00, 1.00000E+00, 4.00000E+00, 3.00000E+00, 6.00000E+00, 6.00000E+00, 5.00000E+00, 7.00000E+00, 2.00000E+00, 3.00000E+00, 4.00000E+00, 5.00000E+00, 1.00000E+00, 5.00000E+00, 7.00000E+00, 5.00000E+00, 2.00000E+00, 2.00000E+00, 7.00000E+00, 4.00000E+00, 5.00000E+00, 5.00000E+00, 1.10000E+01, 5.00000E+00, 6.00000E+00, 8.00000E+00, 9.00000E+00, 4.00000E+00, 8.00000E+00, 5.00000E+00, 4.00000E+00, 1.00000E+00, 5.00000E+00, 8.00000E+00, 5.00000E+00, 5.00000E+00, 5.00000E+00, 1.00000E+00, 4.00000E+00, 2.00000E+00, 4.00000E+00, 8.00000E+00, 6.00000E+00, 7.00000E+00, 4.00000E+00, 7.00000E+00, 4.00000E+00, 6.00000E+00, 4.00000E+00, 4.00000E+00, 3.00000E+00, 6.00000E+00, 4.00000E+00, 5.00000E+00, 3.00000E+00, 3.00000E+00, 1.00000E+00, 4.00000E+00, 1.00000E+00, 5.00000E+00, 1.00000E+00, 4.00000E+00, 7.00000E+00, 3.00000E+00, 1.00000E+00, 3.00000E+00, 7.00000E+00, 4.00000E+00, 1.00000E+00, 6.00000E+00, 3.00000E+00, 7.00000E+00, 4.00000E+00, 6.00000E+00, 6.00000E+00, 7.00000E+00, 3.00000E+00, 1.00000E+00, 4.00000E+00, 5.00000E+00, 3.00000E+00, 7.00000E+00, 5.00000E+00, 5.00000E+00, 6.00000E+00, 2.00000E+00, 5.00000E+00, 3.00000E+00, 8.00000E+00, 6.00000E+00, 4.00000E+00, 5.00000E+00, 1.00000E+00, 3.00000E+00, 5.00000E+00, 4.00000E+00, 4.00000E+00, 3.00000E+00, 6.00000E+00, 1.00000E+00, 1.00000E+00, 4.00000E+00, 3.00000E+00, 5.00000E+00, 3.00000E+00, 6.00000E+00, 6.00000E+00, 7.00000E+00, 7.00000E+00, 2.00000E+00, 1.00000E+01, 5.00000E+00, 4.00000E+00, 2.00000E+00, 4.00000E+00, 4.00000E+00, 5.00000E+00, 4.00000E+00, 6.00000E+00, 1.00000E+00, 9.00000E+00, 9.00000E+00, 6.00000E+00, 1.00000E+00, 1.00000E+00, 3.00000E+00, 7.00000E+00, 5.00000E+00, 4.00000E+00, 4.00000E+00, 2.00000E+00, 1.00000E+00, 7.00000E+00, 2.00000E+00, 5.00000E+00, 5.00000E+00, 7.00000E+00, 5.00000E+00, 4.00000E+00, 1.00000E+00, 5.00000E+00, 2.00000E+00, 3.00000E+00, 5.00000E+00, 3.00000E+00, 9.00000E+00, 6.00000E+00, 5.00000E+00, 2.00000E+00, 2.00000E+00, 5.00000E+00, 6.00000E+00, 6.00000E+00, 3.00000E+00, 6.00000E+00, 1.00000E+00, 5.00000E+00, 5.00000E+00, 5.00000E+00, 5.00000E+00, 7.00000E+00, 5.00000E+00),