list(ID=c(8.68100E+03, 8.32700E+03, 8.09100E+03, 6.29000E+03, 1.00400E+03, 9.86000E+02, 9.58800E+03, 2.21900E+03, 3.63600E+03, 1.24700E+03, 1.48300E+03, 6.56500E+03, 3.26700E+03, 8.33800E+03, 4.04600E+03, 9.67400E+03, 4.77500E+03, 4.69800E+03, 2.68300E+03, 8.81200E+03, 1.70400E+03, 1.12760E+04, 1.97280E+04, 5.98000E+03, 4.03300E+03, 5.02800E+03, 9.01400E+03, 1.74800E+03, 2.19200E+03, 8.34000E+02, 6.30200E+03, 6.26600E+03, 4.74300E+03, 1.11000E+03, 2.02460E+04, 7.98300E+03, 8.52600E+03, 2.43800E+03, 2.33270E+04, 6.22500E+03, 1.80460E+04, 9.51400E+03, 9.82800E+03, 5.18300E+03, 4.91100E+03, 2.32900E+03, 2.33050E+04, 9.18000E+02, 1.79450E+04, 1.32240E+04, 7.77100E+03, 6.16500E+03, 2.33380E+04, 2.45600E+03, 8.49700E+03, 2.33070E+04, 1.09830E+04, 7.93200E+03, 4.89700E+03, 8.02900E+03, 8.85300E+03, 1.32460E+04, 9.28700E+03, 2.03140E+04, 2.43600E+03, 1.80690E+04, 3.30200E+03, 2.33400E+04, 2.28160E+04, 6.34800E+03, 2.28150E+04, 7.47000E+02, 3.88300E+03, 5.83200E+03, 6.53600E+03, 1.96320E+04, 9.78800E+03, 6.73900E+03, 3.74000E+03, 8.68000E+03, 1.13050E+04, 9.61300E+03, 5.62000E+03, 8.66400E+03, 1.65500E+03, 5.56600E+03, 2.33050E+04, 1.02300E+03, 3.41400E+03, 1.32420E+04, 6.52500E+03, 8.03100E+03, 7.94200E+03, 1.79740E+04, 2.33400E+04, 2.07080E+04, 6.91400E+03, 2.20030E+04, 6.31900E+03, 2.28200E+04, 6.72800E+03, 8.82000E+03, 6.22400E+03, 7.89900E+03, 4.93300E+03, 2.12800E+04, 3.02600E+03, 1.27400E+03, 2.17200E+03, 2.02460E+04, 9.66800E+03, 8.81400E+03, 8.83600E+03, 5.67900E+03, 3.66800E+03, 1.12980E+04, 6.68500E+03, 8.67800E+03, 2.20010E+04, 9.53600E+03, 6.03900E+03, 4.03900E+03, 2.28140E+04, 3.41200E+03, 6.16100E+03, 2.38600E+03, 6.79900E+03, 1.32430E+04, 3.89000E+03, 1.98670E+04, 6.46800E+03, 1.52200E+03, 7.86000E+03, 2.03180E+04, 6.24400E+03, 1.73700E+03, 9.67800E+03, 8.60000E+03, 8.79700E+03, 1.13230E+04, 4.25900E+03, 5.62400E+03, 4.98100E+03, 8.80500E+03, 8.97400E+03, 3.90000E+01, 9.50900E+03, 1.81120E+04, 2.33220E+04, 1.12000E+03, 3.49300E+03, 1.13080E+04, 4.33400E+03, 5.56900E+03, 2.63100E+03, 7.93600E+03, 4.94200E+03, 2.33140E+04, 2.20030E+04, 4.61300E+03, 8.67000E+02, 9.49000E+02, 2.14300E+03, 1.04700E+03, 3.28600E+03, 2.19940E+04, 9.12000E+02, 8.03800E+03, 7.75000E+03, 9.63900E+03, 3.46300E+03, 8.65100E+03, 2.03000E+03, 1.40800E+03, 4.77400E+03, 8.41500E+03, 6.23400E+03, 1.12800E+04, 6.70500E+03, 1.99310E+04, 9.54000E+02, 9.62500E+03, 4.97900E+03, 7.90100E+03, 8.47900E+03, 6.22600E+03, 6.34400E+03, 9.67600E+03, 6.35200E+03, 5.59300E+03, 3.15400E+03, 8.29700E+03, 2.33270E+04, 1.80220E+04, 4.16000E+03, 8.50200E+03, 8.97900E+03, 2.33450E+04, 1.81150E+04, 2.33290E+04), age=c(7.00000E+00, 5.00000E+00, 4.00000E+00, 3.00000E+00, 5.00000E+00, 5.00000E+00, 1.00000E+01, 3.00000E+00, 5.00000E+00, 3.00000E+00, 3.00000E+00, 3.00000E+00, 4.00000E+00, 4.00000E+00, 4.00000E+00, 7.00000E+00, 4.00000E+00, 3.00000E+00, 8.00000E+00, 4.00000E+00, 2.00000E+00, 5.00000E+00, 2.00000E+00, 4.00000E+00, 5.00000E+00, 5.00000E+00, 6.00000E+00, 4.00000E+00, 5.00000E+00, 3.00000E+00, 3.00000E+00, 5.00000E+00, 3.00000E+00, 3.00000E+00, 9.00000E+00, 5.00000E+00, 1.00000E+01, 4.00000E+00, 4.00000E+00, 5.00000E+00, 5.00000E+00, 9.00000E+00, 9.00000E+00, 7.00000E+00, 4.00000E+00, 5.00000E+00, 5.00000E+00, 5.00000E+00, 1.00000E+00, 4.00000E+00, 6.00000E+00, 5.00000E+00, 2.00000E+00, 5.00000E+00, 7.00000E+00, 5.00000E+00, 5.00000E+00, 6.00000E+00, 4.00000E+00, 6.00000E+00, 5.00000E+00, 1.00000E+00, 1.20000E+01, 9.00000E+00, 4.00000E+00, 5.00000E+00, 5.00000E+00, 2.00000E+00, 1.00000E+00, 4.00000E+00, 1.00000E+00, 3.00000E+00, 2.00000E+00, 4.00000E+00, 5.00000E+00, 3.00000E+00, 9.00000E+00, 5.00000E+00, 4.00000E+00, 6.00000E+00, 4.00000E+00, 5.00000E+00, 4.00000E+00, 5.00000E+00, 6.00000E+00, 4.00000E+00, 5.00000E+00, 4.00000E+00, 7.00000E+00, 1.00000E+00, 5.00000E+00, 5.00000E+00, 7.00000E+00, 1.00000E+00, 3.00000E+00, 7.00000E+00, 5.00000E+00, 1.00000E+00, 3.00000E+00, 1.00000E+00, 4.00000E+00, 9.00000E+00, 4.00000E+00, 5.00000E+00, 4.00000E+00, 7.00000E+00, 3.00000E+00, 4.00000E+00, 3.00000E+00, 9.00000E+00, 8.00000E+00, 5.00000E+00, 9.00000E+00, 4.00000E+00, 4.00000E+00, 5.00000E+00, 5.00000E+00, 8.00000E+00, 1.00000E+00, 1.00000E+01, 4.00000E+00, 8.00000E+00, 1.00000E+00, 4.00000E+00, 4.00000E+00, 3.00000E+00, 5.00000E+00, 1.00000E+00, 4.00000E+00, 2.00000E+00, 4.00000E+00, 2.00000E+00, 1.00000E+01, 6.00000E+00, 3.00000E+00, 4.00000E+00, 6.00000E+00, 4.00000E+00, 6.00000E+00, 5.00000E+00, 4.00000E+00, 5.00000E+00, 4.00000E+00, 6.00000E+00, 7.00000E+00, 4.00000E+00, 7.00000E+00, 5.00000E+00, 5.00000E+00, 3.00000E+00, 4.00000E+00, 4.00000E+00, 3.00000E+00, 4.00000E+00, 5.00000E+00, 7.00000E+00, 5.00000E+00, 6.00000E+00, 1.00000E+00, 3.00000E+00, 5.00000E+00, 3.00000E+00, 3.00000E+00, 3.00000E+00, 4.00000E+00, 4.00000E+00, 3.00000E+00, 4.00000E+00, 6.00000E+00, 8.00000E+00, 2.00000E+00, 4.00000E+00, 4.00000E+00, 3.00000E+00, 4.00000E+00, 9.00000E+00, 4.00000E+00, 6.00000E+00, 4.00000E+00, 4.00000E+00, 6.00000E+00, 8.00000E+00, 3.00000E+00, 4.00000E+00, 5.00000E+00, 5.00000E+00, 4.00000E+00, 7.00000E+00, 5.00000E+00, 4.00000E+00, 5.00000E+00, 6.00000E+00, 4.00000E+00, 5.00000E+00, 5.00000E+00, 5.00000E+00, 1.00000E+01, 6.00000E+00, 4.00000E+00, 6.00000E+00), age.tot=c(7.00000E+00, 5.00000E+00, 4.00000E+00, 3.00000E+00, 5.00000E+00, 5.00000E+00, 1.00000E+01, 3.00000E+00, 5.00000E+00, 3.00000E+00, 3.00000E+00, 3.00000E+00, 4.00000E+00, 4.00000E+00, 4.00000E+00, 7.00000E+00, 4.00000E+00, 3.00000E+00, 8.00000E+00, 4.00000E+00, 2.00000E+00, 4.00000E+00, 2.00000E+00, 4.00000E+00, 5.00000E+00, 5.00000E+00, 6.00000E+00, 4.00000E+00, 5.00000E+00, 3.00000E+00, 3.00000E+00, 5.00000E+00, 3.00000E+00, 3.00000E+00, 9.00000E+00, 5.00000E+00, 1.00000E+01, 4.00000E+00, 4.00000E+00, 5.00000E+00, 5.00000E+00, 9.00000E+00, 9.00000E+00, 7.00000E+00, 4.00000E+00, 5.00000E+00, 5.00000E+00, 5.00000E+00, 1.00000E+00, 4.00000E+00, 6.00000E+00, 5.00000E+00, 2.00000E+00, 5.00000E+00, 7.00000E+00, 5.00000E+00, 5.00000E+00, 6.00000E+00, 4.00000E+00, 6.00000E+00, 5.00000E+00, 1.00000E+00, 1.20000E+01, 9.00000E+00, 4.00000E+00, 5.00000E+00, 4.00000E+00, 2.00000E+00, 1.00000E+00, 4.00000E+00, 1.00000E+00, 3.00000E+00, 2.00000E+00, 4.00000E+00, 5.00000E+00, 3.00000E+00, 9.00000E+00, 5.00000E+00, 4.00000E+00, 6.00000E+00, 4.00000E+00, 5.00000E+00, 4.00000E+00, 5.00000E+00, 6.00000E+00, 4.00000E+00, 5.00000E+00, 4.00000E+00, 7.00000E+00, 1.00000E+00, 5.00000E+00, 5.00000E+00, 7.00000E+00, 1.00000E+00, 3.00000E+00, 8.00000E+00, 4.00000E+00, 1.00000E+00, 3.00000E+00, 1.00000E+00, 4.00000E+00, 9.00000E+00, 4.00000E+00, 5.00000E+00, 4.00000E+00, 8.00000E+00, 3.00000E+00, 4.00000E+00, 3.00000E+00, 9.00000E+00, 8.00000E+00, 5.00000E+00, 9.00000E+00, 4.00000E+00, 4.00000E+00, 5.00000E+00, 5.00000E+00, 8.00000E+00, 1.00000E+00, 1.00000E+01, 4.00000E+00, 8.00000E+00, 1.00000E+00, 4.00000E+00, 4.00000E+00, 3.00000E+00, 5.00000E+00, 1.00000E+00, 4.00000E+00, 2.00000E+00, 4.00000E+00, 2.00000E+00, 1.00000E+01, 6.00000E+00, 3.00000E+00, 4.00000E+00, 6.00000E+00, 4.00000E+00, 6.00000E+00, 5.00000E+00, 4.00000E+00, 5.00000E+00, 3.00000E+00, 6.00000E+00, 7.00000E+00, 4.00000E+00, 7.00000E+00, 5.00000E+00, 5.00000E+00, 3.00000E+00, 4.00000E+00, 4.00000E+00, 3.00000E+00, 4.00000E+00, 4.00000E+00, 7.00000E+00, 5.00000E+00, 6.00000E+00, 1.00000E+00, 3.00000E+00, 5.00000E+00, 3.00000E+00, 3.00000E+00, 3.00000E+00, 4.00000E+00, 4.00000E+00, 3.00000E+00, 4.00000E+00, 6.00000E+00, 8.00000E+00, 2.00000E+00, 4.00000E+00, 3.00000E+00, 3.00000E+00, 4.00000E+00, 9.00000E+00, 4.00000E+00, 6.00000E+00, 4.00000E+00, 4.00000E+00, 6.00000E+00, 8.00000E+00, 3.00000E+00, 4.00000E+00, 5.00000E+00, 5.00000E+00, 4.00000E+00, 7.00000E+00, 5.00000E+00, 4.00000E+00, 5.00000E+00, 6.00000E+00, 4.00000E+00, 5.00000E+00, 5.00000E+00, 5.00000E+00, 1.00000E+01, 6.00000E+00, 4.00000E+00, 6.00000E+00),