list(ID=c(1.14100E+03, 9.65800E+03, 3.89900E+03, 8.78800E+03, 4.90500E+03, 4.47800E+03, 4.70100E+03, 2.16700E+03, 4.91800E+03, 9.68300E+03, 2.56300E+03, 6.73300E+03, 3.23200E+03, 3.84100E+03, 5.57100E+03, 7.82900E+03, 6.52800E+03, 7.78400E+03, 2.84000E+03, 4.42700E+03, 6.24600E+03, 5.14100E+03, 1.10300E+03, 4.94700E+03, 1.70400E+03, 3.79600E+03, 4.53400E+03, 6.32100E+03, 1.24500E+03, 3.47300E+03, 4.54100E+03, 8.40700E+03, 3.16500E+03, 8.47300E+03, 9.59700E+03, 5.97900E+03, 1.36500E+03, 5.83900E+03, 9.01600E+03, 1.01100E+03, 7.77400E+03, 2.36600E+03, 7.73400E+03, 2.20600E+03, 9.65500E+03, 7.81800E+03, 6.59700E+03, 3.03000E+03, 3.49100E+03, 3.93500E+03, 4.83500E+03, 8.59200E+03, 7.91400E+03, 8.83000E+02, 6.22500E+03, 9.58900E+03, 4.89400E+03, 5.70800E+03, 3.07400E+03, 8.05500E+03, 3.60700E+03, 7.84100E+03, 1.50800E+03, 4.69200E+03, 8.36000E+02, 8.05300E+03, 8.31600E+03, 5.71600E+03, 7.93600E+03, 4.89300E+03, 6.26700E+03, 2.24500E+03, 3.38400E+03, 6.72100E+03, 3.31200E+03, 1.13600E+03, 6.74800E+03, 9.63700E+03, 8.63900E+03, 9.72000E+02, 4.32600E+03, 9.62300E+03, 2.89300E+03, 8.34100E+03, 9.53400E+03, 8.00200E+03, 3.29500E+03, 8.66000E+02, 5.64700E+03, 1.47000E+03, 9.00500E+03, 2.03000E+03, 3.30100E+03, 3.48000E+03, 3.02500E+03, 1.02700E+03, 6.64900E+03, 2.50700E+03, 1.04400E+03, 1.36700E+03, 8.60600E+03, 3.73900E+03, 1.65000E+03, 3.32500E+03, 1.12600E+03, 5.62100E+03, 5.16700E+03, 7.94300E+03, 1.27500E+03, 6.49200E+03, 7.52200E+03, 7.94100E+03, 3.91900E+03, 4.04500E+03, 4.53800E+03, 5.47200E+03, 6.61100E+03, 9.01000E+02, 4.70500E+03, 4.12000E+02, 3.42900E+03, 4.09500E+03, 4.64400E+03, 4.92200E+03, 1.76000E+03, 7.77900E+03, 8.68900E+03, 7.94200E+03, 7.79300E+03, 8.18000E+02, 6.24300E+03, 6.63600E+03, 5.17100E+03, 6.69400E+03, 2.01600E+03, 8.01800E+03, 4.87500E+03, 8.50600E+03, 5.58600E+03, 4.94400E+03, 4.17700E+03, 1.94600E+03, 2.91500E+03, 8.06000E+03, 8.05700E+03, 6.16300E+03, 7.77500E+03, 2.44500E+03, 1.37300E+03, 3.31800E+03, 2.22400E+03, 5.69900E+03, 2.54000E+02, 1.25800E+03, 4.94500E+03, 4.84200E+03, 8.84900E+03, 9.65000E+02, 3.41400E+03, 3.85700E+03, 7.96000E+02, 8.56000E+02, 4.20900E+03, 8.68100E+03, 1.54500E+03, 4.96900E+03, 8.06500E+03, 6.29800E+03, 4.93300E+03, 8.93000E+02, 9.61400E+03, 9.15000E+02, 3.07900E+03, 4.46900E+03, 9.00400E+03, 2.17900E+03, 8.00000E+03, 8.84100E+03, 4.03200E+03, 1.72400E+03, 5.71500E+03, 4.32500E+03, 6.70400E+03, 6.41300E+03, 3.30300E+03, 3.86400E+03, 1.74300E+03, 7.73800E+03, 8.87000E+02, 7.94500E+03, 8.81000E+03, 3.89600E+03, 7.73300E+03, 8.21000E+02, 6.72600E+03, 6.32000E+03, 1.05100E+03, 3.62500E+03, 1.01000E+03, 8.90300E+03), age=c(3.00000E+00, 9.00000E+00, 8.00000E+00, 5.00000E+00, 5.00000E+00, 4.00000E+00, 3.00000E+00, 4.00000E+00, 6.00000E+00, 9.00000E+00, 3.00000E+00, 3.00000E+00, 5.00000E+00, 2.00000E+00, 4.00000E+00, 5.00000E+00, 4.00000E+00, 4.00000E+00, 6.00000E+00, 3.00000E+00, 4.00000E+00, 4.00000E+00, 5.00000E+00, 5.00000E+00, 2.00000E+00, 5.00000E+00, 3.00000E+00, 4.00000E+00, 3.00000E+00, 2.00000E+00, 2.00000E+00, 5.00000E+00, 4.00000E+00, 4.00000E+00, 9.00000E+00, 4.00000E+00, 5.00000E+00, 4.00000E+00, 7.00000E+00, 3.00000E+00, 5.00000E+00, 4.00000E+00, 5.00000E+00, 4.00000E+00, 7.00000E+00, 5.00000E+00, 7.00000E+00, 3.00000E+00, 5.00000E+00, 4.00000E+00, 5.00000E+00, 8.00000E+00, 5.00000E+00, 3.00000E+00, 5.00000E+00, 7.00000E+00, 4.00000E+00, 4.00000E+00, 6.00000E+00, 4.00000E+00, 3.00000E+00, 3.00000E+00, 4.00000E+00, 4.00000E+00, 3.00000E+00, 4.00000E+00, 5.00000E+00, 4.00000E+00, 7.00000E+00, 4.00000E+00, 3.00000E+00, 5.00000E+00, 3.00000E+00, 5.00000E+00, 4.00000E+00, 3.00000E+00, 4.00000E+00, 6.00000E+00, 7.00000E+00, 3.00000E+00, 2.00000E+00, 1.00000E+01, 4.00000E+00, 4.00000E+00, 1.00000E+01, 6.00000E+00, 3.00000E+00, 5.00000E+00, 4.00000E+00, 2.00000E+00, 7.00000E+00, 4.00000E+00, 3.00000E+00, 2.00000E+00, 4.00000E+00, 4.00000E+00, 5.00000E+00, 5.00000E+00, 5.00000E+00, 7.00000E+00, 5.00000E+00, 5.00000E+00, 4.00000E+00, 4.00000E+00, 5.00000E+00, 4.00000E+00, 4.00000E+00, 5.00000E+00, 3.00000E+00, 5.00000E+00, 9.00000E+00, 6.00000E+00, 2.00000E+00, 4.00000E+00, 2.00000E+00, 4.00000E+00, 4.00000E+00, 3.00000E+00, 4.00000E+00, 4.00000E+00, 3.00000E+00, 3.00000E+00, 4.00000E+00, 5.00000E+00, 4.00000E+00, 6.00000E+00, 9.00000E+00, 7.00000E+00, 5.00000E+00, 3.00000E+00, 5.00000E+00, 4.00000E+00, 4.00000E+00, 6.00000E+00, 6.00000E+00, 5.00000E+00, 5.00000E+00, 7.00000E+00, 4.00000E+00, 5.00000E+00, 3.00000E+00, 6.00000E+00, 4.00000E+00, 5.00000E+00, 4.00000E+00, 4.00000E+00, 5.00000E+00, 3.00000E+00, 4.00000E+00, 4.00000E+00, 1.00000E+01, 4.00000E+00, 4.00000E+00, 3.00000E+00, 4.00000E+00, 4.00000E+00, 7.00000E+00, 3.00000E+00, 7.00000E+00, 2.00000E+00, 4.00000E+00, 3.00000E+00, 5.00000E+00, 7.00000E+00, 4.00000E+00, 5.00000E+00, 5.00000E+00, 5.00000E+00, 4.00000E+00, 3.00000E+00, 4.00000E+00, 3.00000E+00, 4.00000E+00, 3.00000E+00, 6.00000E+00, 5.00000E+00, 5.00000E+00, 5.00000E+00, 4.00000E+00, 2.00000E+00, 4.00000E+00, 2.00000E+00, 5.00000E+00, 5.00000E+00, 3.00000E+00, 2.00000E+00, 4.00000E+00, 7.00000E+00, 3.00000E+00, 4.00000E+00, 7.00000E+00, 4.00000E+00, 6.00000E+00, 3.00000E+00, 4.00000E+00, 5.00000E+00, 3.00000E+00, 4.00000E+00, 3.00000E+00, 8.00000E+00), age.tot=c(3.00000E+00, 9.00000E+00, 8.00000E+00, 5.00000E+00, 5.00000E+00, 4.00000E+00, 3.00000E+00, 4.00000E+00, 6.00000E+00, 9.00000E+00, 3.00000E+00, 3.00000E+00, 5.00000E+00, 2.00000E+00, 4.00000E+00, 5.00000E+00, 4.00000E+00, 4.00000E+00, 6.00000E+00, 3.00000E+00, 4.00000E+00, 4.00000E+00, 5.00000E+00, 5.00000E+00, 2.00000E+00, 5.00000E+00, 3.00000E+00, 4.00000E+00, 3.00000E+00, 2.00000E+00, 2.00000E+00, 5.00000E+00, 4.00000E+00, 4.00000E+00, 9.00000E+00, 4.00000E+00, 5.00000E+00, 4.00000E+00, 7.00000E+00, 3.00000E+00, 5.00000E+00, 4.00000E+00, 5.00000E+00, 4.00000E+00, 7.00000E+00, 5.00000E+00, 7.00000E+00, 3.00000E+00, 5.00000E+00, 4.00000E+00, 5.00000E+00, 8.00000E+00, 5.00000E+00, 3.00000E+00, 5.00000E+00, 7.00000E+00, 4.00000E+00, 4.00000E+00, 6.00000E+00, 4.00000E+00, 3.00000E+00, 3.00000E+00, 4.00000E+00, 4.00000E+00, 3.00000E+00, 4.00000E+00, 5.00000E+00, 4.00000E+00, 7.00000E+00, 4.00000E+00, 3.00000E+00, 5.00000E+00, 3.00000E+00, 5.00000E+00, 4.00000E+00, 3.00000E+00, 4.00000E+00, 6.00000E+00, 7.00000E+00, 3.00000E+00, 2.00000E+00, 1.00000E+01, 4.00000E+00, 4.00000E+00, 1.00000E+01, 6.00000E+00, 3.00000E+00, 5.00000E+00, 4.00000E+00, 2.00000E+00, 7.00000E+00, 3.00000E+00, 3.00000E+00, 2.00000E+00, 4.00000E+00, 4.00000E+00, 5.00000E+00, 5.00000E+00, 5.00000E+00, 7.00000E+00, 5.00000E+00, 5.00000E+00, 4.00000E+00, 4.00000E+00, 5.00000E+00, 4.00000E+00, 4.00000E+00, 5.00000E+00, 3.00000E+00, 5.00000E+00, 9.00000E+00, 6.00000E+00, 2.00000E+00, 4.00000E+00, 2.00000E+00, 4.00000E+00, 4.00000E+00, 3.00000E+00, 4.00000E+00, 4.00000E+00, 3.00000E+00, 3.00000E+00, 4.00000E+00, 5.00000E+00, 4.00000E+00, 6.00000E+00, 9.00000E+00, 7.00000E+00, 5.00000E+00, 3.00000E+00, 5.00000E+00, 4.00000E+00, 4.00000E+00, 6.00000E+00, 6.00000E+00, 5.00000E+00, 5.00000E+00, 7.00000E+00, 4.00000E+00, 5.00000E+00, 2.00000E+00, 6.00000E+00, 4.00000E+00, 5.00000E+00, 4.00000E+00, 4.00000E+00, 5.00000E+00, 3.00000E+00, 4.00000E+00, 4.00000E+00, 1.00000E+01, 4.00000E+00, 4.00000E+00, 3.00000E+00, 4.00000E+00, 4.00000E+00, 7.00000E+00, 3.00000E+00, 7.00000E+00, 2.00000E+00, 4.00000E+00, 3.00000E+00, 4.00000E+00, 7.00000E+00, 4.00000E+00, 5.00000E+00, 5.00000E+00, 5.00000E+00, 4.00000E+00, 3.00000E+00, 4.00000E+00, 3.00000E+00, 4.00000E+00, 3.00000E+00, 6.00000E+00, 5.00000E+00, 5.00000E+00, 5.00000E+00, 4.00000E+00, 2.00000E+00, 4.00000E+00, 2.00000E+00, 5.00000E+00, 5.00000E+00, 3.00000E+00, 2.00000E+00, 4.00000E+00, 7.00000E+00, 3.00000E+00, 4.00000E+00, 7.00000E+00, 4.00000E+00, 6.00000E+00, 3.00000E+00, 4.00000E+00, 5.00000E+00, 3.00000E+00, 4.00000E+00, 3.00000E+00, 8.00000E+00),